% load_ldf_data.m
% Define LDFV data for 6 alternatives and 6 criteria
% Each entry is [f, g, alpha, beta]

% Format: alternatives x criteria x 4
ldf_data = cat(3, ...
    [0.43, 0.15, 0.32, 0.16; 0.21, 0.11, 0.55, 0.34; 0.18, 0.12, 0.11, 0.34; 0.58, 0.18, 0.25, 0.18; 0.46, 0.55, 0.16, 0.53; 0.19, 0.19, 0.34, 0.56], ...
    [0.25, 0.35, 0.67, 0.18; 0.45, 0.33, 0.43, 0.28; 0.44, 0.32, 0.25, 0.28; 0.47, 0.19, 0.32, 0.36; 0.73, 0.32, 0.33, 0.26; 0.36, 0.26, 0.32, 0.37], ...
    [0.32, 0.47, 0.32, 0.34; 0.43, 0.21, 0.32, 0.21; 0.24, 0.14, 0.18, 0.35; 0.32, 0.26, 0.21, 0.76; 0.12, 0.27, 0.25, 0.34; 0.25, 0.44, 0.78, 0.48], ...
    [0.46, 0.43, 0.37, 0.43; 0.47, 0.34, 0.49, 0.33; 0.16, 0.26, 0.14, 0.55; 0.56, 0.55, 0.17, 0.82; 0.27, 0.18, 0.28, 0.18; 0.37, 0.65, 0.45, 0.54], ...
    [0.12, 0.16, 0.43, 0.22; 0.32, 0.49, 0.21, 0.46; 0.38, 0.29, 0.17, 0.37; 0.43, 0.76, 0.57, 0.26; 0.33, 0.48, 0.33, 0.19; 0.48, 0.76, 0.62, 0.28], ...
    [0.43, 0.73, 0.54, 0.47; 0.27, 0.54, 0.25, 0.12; 0.55, 0.27, 0.29, 0.16; 0.28, 0.33, 0.54, 0.34; 0.28, 0.66, 0.45, 0.34; 0.54, 0.57, 0.76, 0.36]);

% Criterion weights (assumed equal for now)
weights = ones(1,6) / 6;
theta = 0.5; % Parameter for Sugeno-Weber operator
tau = 0.5; % Balancing parameter for WASPAS
